       1.05669   1   1  1
       1.72557   2   2  0
       2.11338   2   2  2
       2.02341   3   1  1
       2.65928   3   3  1
       3.17007   3   3  3
       2.44032   4   0  0
       2.98877   4   2  2
       3.45113   4   4  0
       3.66048   4   4  2
       4.22676   4   4  4
       3.17007   5   1  1
       3.60928   5   3  1
       4.00056   5   3  3
       4.35684   5   5  1
       4.68611   5   5  3
       5.28345   5   5  5
       3.85849   6   2  0
       4.04681   6   2  2
       4.56542   6   4  2
       5.03085   6   4  4
       5.17670   6   6  0
       5.31856   6   6  2
       5.72306   6   6  4
       6.34014   6   6  6
       4.35684   7   1  1
       4.68611   7   3  1
       4.99372   7   3  3
       5.28345   7   5  1
       5.55810   7   5  3
       6.07022   7   5  5
       6.07022   7   7  1
       6.31072   7   7  3
       4.88064   8   0  0
       5.17670   8   2  2
       5.45672   8   4  0
       5.59148   8   4  2
       5.97754   8   4  4
       6.22162   8   6  2
       6.57076   8   6  4
       5.55810   9   1  1
       5.81979   9   3  1
       6.07022   9   3  3
       6.31072   9   5  1
       6.54238   9   5  3
       6.22162  10   2  0
       6.34014  10   2  2
       6.68309  10   4  2
