       1.00783   0   0  1
       2.01566   0   0  2
       3.02349   0   0  3
       4.03132   0   0  4
       5.03915   0   0  5
       6.04698   0   0  6
       1.01983   0   1  1
       2.02169   0   1  2
       3.02751   0   1  3
       4.03434   0   1  4
       5.04156   0   1  5
       6.04899   0   1  6
       0.31195   0   2  0
       1.05501   0   2  1
       2.03966   0   2  2
       3.03954   0   2  3
       4.04337   0   2  4
       5.04880   0   2  5
       6.05502   0   2  6
       0.46793   0   3  0
       1.11116   0   3  1
       2.06926   0   3  2
       3.05949   0   3  3
       4.05839   0   3  4
       5.06083   0   3  5
       6.06506   0   3  6
       0.62391   0   4  0
       1.18532   0   4  1
       2.11001   0   4  2
       3.08719   0   4  3
       4.07931   0   4  4
       5.07763   0   4  5
       6.07908   0   4  6
       0.77989   0   5  0
       1.27434   0   5  1
       2.16127   0   5  2
       3.12245   0   5  3
       4.10606   0   5  4
       5.09914   0   5  5
       6.09706   0   5  6
       0.93586   0   6  0
       1.37534   0   6  1
       2.22232   0   6  2
       3.16502   0   6  3
       4.13852   0   6  4
       5.12532   0   6  5
       6.11897   0   6  6
       1.09184   0   7  0
       1.48588   0   7  1
       2.29238   0   7  2
       3.21459   0   7  3
       4.17656   0   7  4
       5.15608   0   7  5
       6.14476   0   7  6
       1.24782   0   8  0
       1.60399   0   8  1
       2.37064   0   8  2
       3.27086   0   8  3
       4.22002   0   8  4
       5.19135   0   8  5
       6.17438   0   8  6
       1.40380   0   9  0
       1.72811   0   9  1
       2.45632   0   9  2
       3.33349   0   9  3
       4.26875   0   9  4
       5.23103   0   9  5
       6.20779   0   9  6
       1.55977   0  10  0
       1.85705   0  10  1
       2.54868   0  10  2
       3.40212   0  10  3
       4.32255   0  10  4
       5.27503   0  10  5
       6.24491   0  10  6
       1.71575   0  11  0
       1.98986   0  11  1
       2.64702   0  11  2
       3.47639   0  11  3
       4.38125   0  11  4
       5.32324   0  11  5
       6.28568   0  11  6
       1.87173   0  12  0
       2.12582   0  12  1
       2.75068   0  12  2
       3.55596   0  12  3
       4.44465   0  12  4
       5.37554   0  12  5
       6.33003   0  12  6
       2.02771   0  13  0
       2.26436   0  13  1
       2.85910   0  13  2
       3.64048   0  13  3
       4.51255   0  13  4
       5.43182   0  13  5
       6.37790   0  13  6
       2.18368   0  14  0
       2.40504   0  14  1
       2.97176   0  14  2
       3.72961   0  14  3
       4.58476   0  14  4
       5.49195   0  14  5
       6.42919   0  14  6
       2.33966   0  15  0
       2.54750   0  15  1
       3.08819   0  15  2
       3.82302   0  15  3
       4.66107   0  15  4
       5.55581   0  15  5
       6.48382   0  15  6
       2.49564   0  16  0
       2.69146   0  16  1
       3.20797   0  16  2
       3.92042   0  16  3
       4.74128   0  16  4
       5.62328   0  16  5
       6.54173   0  16  6
       2.65162   0  17  0
       2.83669   0  17  1
       3.33076   0  17  2
       4.02151   0  17  3
       4.82521   0  17  4
       5.69422   0  17  5
       6.60281   0  17  6
       2.80759   0  18  0
       2.98300   0  18  1
       3.45622   0  18  2
       4.12602   0  18  3
       4.91265   0  18  4
       5.76850   0  18  5
       6.66697   0  18  6
       2.96357   0  19  0
       3.13025   0  19  1
       3.58408   0  19  2
       4.23370   0  19  3
       5.00343   0  19  4
       5.84601   0  19  5
       3.11955   0  20  0
       3.27831   0  20  1
       3.71409   0  20  2
       4.34432   0  20  3
       5.09736   0  20  4
       5.92660   0  20  5
       3.27553   0  21  0
       3.42707   0  21  1
       3.84603   0  21  2
       4.45764   0  21  3
       5.19429   0  21  4
       6.01017   0  21  5
       3.43150   0  22  0
       3.57644   0  22  1
       3.97971   0  22  2
       4.57348   0  22  3
       5.29403   0  22  4
       6.09658   0  22  5
       3.58748   0  23  0
       3.72636   0  23  1
       4.11496   0  23  2
       4.69164   0  23  3
       5.39644   0  23  4
       6.18571   0  23  5
       3.74346   0  24  0
       3.87675   0  24  1
       4.25163   0  24  2
       4.81196   0  24  3
       5.50137   0  24  4
       6.27746   0  24  5
       3.89944   0  25  0
       4.02757   0  25  1
       4.38959   0  25  2
       4.93428   0  25  3
       5.60867   0  25  4
       6.37171   0  25  5
       4.05541   0  26  0
       4.17877   0  26  1
       4.52872   0  26  2
       5.05845   0  26  3
       5.71821   0  26  4
       6.46834   0  26  5
       4.21139   0  27  0
       4.33030   0  27  1
       4.66891   0  27  2
       5.18433   0  27  3
       5.82987   0  27  4
       6.56726   0  27  5
       4.36737   0  28  0
       4.48214   0  28  1
       4.81007   0  28  2
       5.31182   0  28  3
       5.94352   0  28  4
       6.66835   0  28  5
       4.52335   0  29  0
       4.63426   0  29  1
       4.95212   0  29  2
       5.44079   0  29  3
       6.05906   0  29  4
       4.67932   0  30  0
       4.78663   0  30  1
       5.09499   0  30  2
       5.57114   0  30  3
       6.17637   0  30  4
       4.83530   0  31  0
       4.93922   0  31  1
       5.23861   0  31  2
       5.70277   0  31  3
       6.29537   0  31  4
       4.99128   0  32  0
       5.09201   0  32  1
       5.38291   0  32  2
       5.83561   0  32  3
       6.41595   0  32  4
       5.14725   0  33  0
       5.24499   0  33  1
       5.52785   0  33  2
       5.96957   0  33  3
       6.53803   0  33  4
       5.30323   0  34  0
       5.39815   0  34  1
       5.67337   0  34  2
       6.10457   0  34  3
       6.66152   0  34  4
       5.45921   0  35  0
       5.55146   0  35  1
       5.81944   0  35  2
       6.24055   0  35  3
       5.61519   0  36  0
       5.70491   0  36  1
       5.96600   0  36  2
       6.37745   0  36  3
       5.77116   0  37  0
       5.85850   0  37  1
       6.11304   0  37  2
       6.51520   0  37  3
       5.92714   0  38  0
       6.01222   0  38  1
       6.26050   0  38  2
       6.65376   0  38  3
       6.08312   0  39  0
       6.16604   0  39  1
       6.40837   0  39  2
       6.23910   0  40  0
       6.31997   0  40  1
       6.55662   0  40  2
       6.39507   0  41  0
       6.47400   0  41  1
       6.55105   0  42  0
       6.62812   0  42  1
       1.61723   1   0  0
       1.90556   1   0  1
       2.58425   1   0  2
       3.42884   1   0  3
       4.34361   1   0  4
       5.29230   1   0  5
       6.25951   1   0  6
       1.62474   1   1  0
       1.91194   1   1  1
       2.58895   1   1  2
       3.43239   1   1  3
       4.34641   1   1  4
       5.29460   1   1  5
       6.26145   1   1  6
       1.64705   1   2  0
       1.93093   1   2  1
       2.60301   1   2  2
       3.44300   1   2  3
       4.35480   1   2  4
       5.30149   1   2  5
       6.26727   1   2  6
       1.68357   1   3  0
       1.96217   1   3  1
       2.62627   1   3  2
       3.46062   1   3  3
       4.36875   1   3  4
       5.31295   1   3  5
       6.27697   1   3  6
       1.73341   1   4  0
       2.00510   1   4  1
       2.65850   1   4  2
       3.48514   1   4  3
       4.38819   1   4  4
       5.32895   1   4  5
       6.29052   1   4  6
       1.79546   1   5  0
       2.05898   1   5  1
       2.69936   1   5  2
       3.51641   1   5  3
       4.41307   1   5  4
       5.34946   1   5  5
       6.30790   1   5  6
       1.86850   1   6  0
       2.12297   1   6  1
       2.74849   1   6  2
       3.55426   1   6  3
       4.44329   1   6  4
       5.37441   1   6  5
       6.32908   1   6  6
       1.95130   1   7  0
       2.19620   1   7  1
       2.80543   1   7  2
       3.59848   1   7  3
       4.47874   1   7  4
       5.40376   1   7  5
       6.35402   1   7  6
       2.04267   1   8  0
       2.27777   1   8  1
       2.86974   1   8  2
       3.64883   1   8  3
       4.51930   1   8  4
       5.43742   1   8  5
       6.38267   1   8  6
       2.14152   1   9  0
       2.36682   1   9  1
       2.94091   1   9  2
       3.70508   1   9  3
       4.56483   1   9  4
       5.47532   1   9  5
       6.41499   1   9  6
       2.24685   1  10  0
       2.46253   1  10  1
       3.01848   1  10  2
       3.76694   1  10  3
       4.61518   1  10  4
       5.51737   1  10  5
       6.45092   1  10  6
       2.35781   1  11  0
       2.56417   1  11  1
       3.10196   1  11  2
       3.83415   1  11  3
       4.67020   1  11  4
       5.56348   1  11  5
       6.49039   1  11  6
       2.47362   1  12  0
       2.67106   1  12  1
       3.19088   1  12  2
       3.90644   1  12  3
       4.72973   1  12  4
       5.61354   1  12  5
       6.53336   1  12  6
       2.59365   1  13  0
       2.78258   1  13  1
       3.28480   1  13  2
       3.98353   1  13  3
       4.79360   1  13  4
       5.66746   1  13  5
       6.57974   1  13  6
       2.71734   1  14  0
       2.89821   1  14  1
       3.38331   1  14  2
       4.06515   1  14  3
       4.86163   1  14  4
       5.72512   1  14  5
       6.62947   1  14  6
       2.84420   1  15  0
       3.01748   1  15  1
       3.48602   1  15  2
       4.15102   1  15  3
       4.93366   1  15  4
       5.78641   1  15  5
       6.68247   1  15  6
       2.97383   1  16  0
       3.13997   1  16  1
       3.59257   1  16  2
       4.24089   1  16  3
       5.00951   1  16  4
       5.85121   1  16  5
       3.10588   1  17  0
       3.26531   1  17  1
       3.70262   1  17  2
       4.33451   1  17  3
       5.08901   1  17  4
       5.91942   1  17  5
       3.24007   1  18  0
       3.39319   1  18  1
       3.81588   1  18  2
       4.43165   1  18  3
       5.17200   1  18  4
       5.99092   1  18  5
       3.37612   1  19  0
       3.52334   1  19  1
       3.93206   1  19  2
       4.53207   1  19  3
       5.25830   1  19  4
       6.06558   1  19  5
       3.51383   1  20  0
       3.65551   1  20  1
       4.05092   1  20  2
       4.63557   1  20  3
       5.34776   1  20  4
       6.14329   1  20  5
       3.65301   1  21  0
       3.78949   1  21  1
       4.17222   1  21  2
       4.74194   1  21  3
       5.44023   1  21  4
       6.22395   1  21  5
       3.79350   1  22  0
       3.92510   1  22  1
       4.29576   1  22  2
       4.85100   1  22  3
       5.53554   1  22  4
       6.30743   1  22  5
       3.93516   1  23  0
       4.06217   1  23  1
       4.42135   1  23  2
       4.96256   1  23  3
       5.63356   1  23  4
       6.39363   1  23  5
       4.07786   1  24  0
       4.20055   1  24  1
       4.54883   1  24  2
       5.07646   1  24  3
       5.73415   1  24  4
       6.48243   1  24  5
       4.22150   1  25  0
       4.34013   1  25  1
       4.67803   1  25  2
       5.19255   1  25  3
       5.83717   1  25  4
       6.57374   1  25  5
       4.36598   1  26  0
       4.48080   1  26  1
       4.80882   1  26  2
       5.31068   1  26  3
       5.94250   1  26  4
       6.66745   1  26  5
       4.51124   1  27  0
       4.62244   1  27  1
       4.94107   1  27  2
       5.43072   1  27  3
       6.05002   1  27  4
       4.65718   1  28  0
       4.76498   1  28  1
       5.07467   1  28  2
       5.55255   1  28  3
       6.15962   1  28  4
       4.80376   1  29  0
       4.90834   1  29  1
       5.20951   1  29  2
       5.67605   1  29  3
       6.27118   1  29  4
       4.95091   1  30  0
       5.05245   1  30  1
       5.34550   1  30  2
       5.80112   1  30  3
       6.38459   1  30  4
       5.09859   1  31  0
       5.19724   1  31  1
       5.48256   1  31  2
       5.92765   1  31  3
       6.49978   1  31  4
       5.24674   1  32  0
       5.34266   1  32  1
       5.62060   1  32  2
       6.05556   1  32  3
       6.61663   1  32  4
       5.39534   1  33  0
       5.48866   1  33  1
       5.75956   1  33  2
       6.18475   1  33  3
       5.54434   1  34  0
       5.63520   1  34  1
       5.89937   1  34  2
       6.31516   1  34  3
       5.69372   1  35  0
       5.78223   1  35  1
       6.03998   1  35  2
       6.44670   1  35  3
       5.84344   1  36  0
       5.92971   1  36  1
       6.18132   1  36  2
       6.57931   1  36  3
       5.99348   1  37  0
       6.07762   1  37  1
       6.32334   1  37  2
       6.14381   1  38  0
       6.22593   1  38  1
       6.46601   1  38  2
       6.29443   1  39  0
       6.37460   1  39  1
       6.60929   1  39  2
       6.44529   1  40  0
       6.52361   1  40  1
       6.59639   1  41  0
       6.67294   1  41  1
       3.23447   2   0  0
       3.38785   2   0  1
       3.81113   2   0  2
       4.42756   2   0  3
       5.16849   2   0  4
       5.98789   2   0  5
       3.23823   2   1  0
       3.39144   2   1  1
       3.81432   2   1  2
       4.43031   2   1  3
       5.17085   2   1  4
       5.98992   2   1  5
       3.24948   2   2  0
       3.40218   2   2  1
       3.82387   2   2  2
       4.43854   2   2  3
       5.17790   2   2  4
       5.99601   2   2  5
       3.26814   2   3  0
       3.42001   2   3  1
       3.83974   2   3  2
       4.45222   2   3  3
       5.18963   2   3  4
       6.00615   2   3  5
       3.29409   2   4  0
       3.44482   2   4  1
       3.86186   2   4  2
       4.47130   2   4  3
       5.20602   2   4  4
       6.02031   2   4  5
       3.32716   2   5  0
       3.47645   2   5  1
       3.89010   2   5  2
       4.49572   2   5  3
       5.22700   2   5  4
       6.03846   2   5  5
       3.36714   2   6  0
       3.51473   2   6  1
       3.92435   2   6  2
       4.52539   2   6  3
       5.25254   2   6  4
       6.06058   2   6  5
       3.41378   2   7  0
       3.55944   2   7  1
       3.96444   2   7  2
       4.56020   2   7  3
       5.28256   2   7  4
       6.08662   2   7  5
       3.46682   2   8  0
       3.61034   2   8  1
       4.01020   2   8  2
       4.60004   2   8  3
       5.31699   2   8  4
       6.11652   2   8  5
       3.52597   2   9  0
       3.66717   2   9  1
       4.06144   2   9  2
       4.64477   2   9  3
       5.35574   2   9  4
       6.15024   2   9  5
       3.59092   2  10  0
       3.72967   2  10  1
       4.11796   2  10  2
       4.69427   2  10  3
       5.39872   2  10  4
       6.18771   2  10  5
       3.66136   2  11  0
       3.79754   2  11  1
       4.17953   2  11  2
       4.74838   2  11  3
       5.44584   2  11  4
       6.22885   2  11  5
       3.73700   2  12  0
       3.87051   2  12  1
       4.24594   2  12  2
       4.80694   2  12  3
       5.49697   2  12  4
       6.27361   2  12  5
       3.81751   2  13  0
       3.94830   2  13  1
       4.31697   2  13  2
       4.86979   2  13  3
       5.55202   2  13  4
       6.32190   2  13  5
       3.90260   2  14  0
       4.03063   2  14  1
       4.39240   2  14  2
       4.93678   2  14  3
       5.61086   2  14  4
       6.37364   2  14  5
       3.99197   2  15  0
       4.11722   2  15  1
       4.47199   2  15  2
       5.00772   2  15  3
       5.67339   2  15  4
       6.42875   2  15  5
       4.08534   2  16  0
       4.20782   2  16  1
       4.55553   2  16  2
       5.08247   2  16  3
       5.73947   2  16  4
       6.48714   2  16  5
       4.18245   2  17  0
       4.30216   2  17  1
       4.64282   2  17  2
       5.16085   2  17  3
       5.80899   2  17  4
       6.54873   2  17  5
       4.28303   2  18  0
       4.40001   2  18  1
       4.73363   2  18  2
       5.24270   2  18  3
       5.88183   2  18  4
       6.61343   2  18  5
       4.38686   2  19  0
       4.50114   2  19  1
       4.82778   2  19  2
       5.32785   2  19  3
       5.95786   2  19  4
       6.68114   2  19  5
       4.49370   2  20  0
       4.60533   2  20  1
       4.92506   2  20  2
       5.41617   2  20  3
       6.03696   2  20  4
       4.60335   2  21  0
       4.71239   2  21  1
       5.02531   2  21  2
       5.50748   2  21  3
       6.11902   2  21  4
       4.71561   2  22  0
       4.82211   2  22  1
       5.12834   2  22  2
       5.60165   2  22  3
       6.20391   2  22  4
       4.83030   2  23  0
       4.93432   2  23  1
       5.23399   2  23  2
       5.69853   2  23  3
       6.29153   2  23  4
       4.94725   2  24  0
       5.04886   2  24  1
       5.34211   2  24  2
       5.79800   2  24  3
       6.38176   2  24  4
       5.06630   2  25  0
       5.16557   2  25  1
       5.45255   2  25  2
       5.89990   2  25  3
       6.47448   2  25  4
       5.18731   2  26  0
       5.28431   2  26  1
       5.56516   2  26  2
       6.00414   2  26  3
       6.56960   2  26  4
       5.31014   2  27  0
       5.40493   2  27  1
       5.67983   2  27  2
       6.11057   2  27  3
       6.66702   2  27  4
       5.43467   2  28  0
       5.52733   2  28  1
       5.79643   2  28  2
       6.21910   2  28  3
       5.56079   2  29  0
       5.65139   2  29  1
       5.91484   2  29  2
       6.32961   2  29  3
       5.68840   2  30  0
       5.77699   2  30  1
       6.03496   2  30  2
       6.44200   2  30  3
       5.81738   2  31  0
       5.90404   2  31  1
       6.15669   2  31  2
       6.55617   2  31  3
       5.94766   2  32  0
       6.03244   2  32  1
       6.27993   2  32  2
       6.67204   2  32  3
       6.07915   2  33  0
       6.16212   2  33  1
       6.40460   2  33  2
       6.21177   2  34  0
       6.29299   2  34  1
       6.53062   2  34  2
       6.34545   2  35  0
       6.42499   2  35  1
       6.65790   2  35  2
       6.48013   2  36  0
       6.55804   2  36  1
       6.61575   2  37  0
       4.85170   3   0  0
       4.95527   3   0  1
       5.25375   3   0  2
       5.71669   3   0  3
       6.30798   3   0  4
       4.85421   3   1  0
       4.95773   3   1  1
       5.25607   3   1  2
       5.71882   3   1  3
       6.30990   3   1  4
       4.86172   3   2  0
       4.96508   3   2  1
       5.26301   3   2  2
       5.72519   3   2  3
       6.31569   3   2  4
       4.87422   3   3  0
       4.97732   3   3  1
       5.27455   3   3  2
       5.73581   3   3  3
       6.32531   3   3  4
       4.89165   3   4  0
       4.99440   3   4  1
       5.29067   3   4  2
       5.75063   3   4  3
       6.33876   3   4  4
       4.91398   3   5  0
       5.01627   3   5  1
       5.31132   3   5  2
       5.76964   3   5  3
       6.35600   3   5  4
       4.94114   3   6  0
       5.04287   3   6  1
       5.33645   3   6  2
       5.79279   3   6  3
       6.37702   3   6  4
       4.97304   3   7  0
       5.07414   3   7  1
       5.36601   3   7  2
       5.82002   3   7  3
       6.40177   3   7  4
       5.00960   3   8  0
       5.10997   3   8  1
       5.39990   3   8  2
       5.85129   3   8  3
       6.43021   3   8  4
       5.05071   3   9  0
       5.15028   3   9  1
       5.43807   3   9  2
       5.88652   3   9  3
       6.46229   3   9  4
       5.09627   3  10  0
       5.19496   3  10  1
       5.48040   3  10  2
       5.92566   3  10  3
       6.49796   3  10  4
       5.14615   3  11  0
       5.24391   3  11  1
       5.52682   3  11  2
       5.96861   3  11  3
       6.53715   3  11  4
       5.20023   3  12  0
       5.29699   3  12  1
       5.57721   3  12  2
       6.01530   3  12  3
       6.57981   3  12  4
       5.25839   3  13  0
       5.35410   3  13  1
       5.63147   3  13  2
       6.06565   3  13  3
       6.62587   3  13  4
       5.32048   3  14  0
       5.41509   3  14  1
       5.68950   3  14  2
       6.11956   3  14  3
       6.67526   3  14  4
       5.38638   3  15  0
       5.47985   3  15  1
       5.75117   3  15  2
       6.17694   3  15  3
       5.45594   3  16  0
       5.54824   3  16  1
       5.81637   3  16  2
       6.23769   3  16  3
       5.52902   3  17  0
       5.62013   3  17  1
       5.88498   3  17  2
       6.30171   3  17  3
       5.60550   3  18  0
       5.69538   3  18  1
       5.95689   3  18  2
       6.36892   3  18  3
       5.68522   3  19  0
       5.77386   3  19  1
       6.03197   3  19  2
       6.43920   3  19  3
       5.76807   3  20  0
       5.85545   3  20  1
       6.11011   3  20  2
       6.51246   3  20  3
       5.85390   3  21  0
       5.94002   3  21  1
       6.19120   3  21  2
       6.58860   3  21  3
       5.94258   3  22  0
       6.02743   3  22  1
       6.27512   3  22  2
       6.66751   3  22  3
       6.03399   3  23  0
       6.11758   3  23  1
       6.36176   3  23  2
       6.12801   3  24  0
       6.21033   3  24  1
       6.45100   3  24  2
       6.22452   3  25  0
       6.30558   3  25  1
       6.54274   3  25  2
       6.32340   3  26  0
       6.40321   3  26  1
       6.63689   3  26  2
       6.42455   3  27  0
       6.50312   3  27  1
       6.52786   3  28  0
       6.60520   3  28  1
       6.63323   3  29  0
       6.46894   4   0  0
       6.54697   4   0  1
       6.47082   4   1  0
       6.54883   4   1  1
       6.47646   4   2  0
       6.55440   4   2  1
       6.48584   4   3  0
       6.56368   4   3  1
       6.49896   4   4  0
       6.57664   4   4  1
       6.51578   4   5  0
       6.59326   4   5  1
       6.53628   4   6  0
       6.61353   4   6  1
       6.56043   4   7  0
       6.63739   4   7  1
       6.58819   4   8  0
       6.66483   4   8  1
       6.61950   4   9  0
       6.65433   4  10  0
